1
70 1988
1 10
1 10
1 12
1 12
1 12
1 12
1 13
1 15
1 15
1 16
1 17
1 19
1 19
1 2
1 21
1 21
1 21
1 22
1 27
1 28
1 3
1 32
1 33
1 34
1 38
1 4
1 4
1 4
1 40
1 41
1 43
1 44
1 45
1 45
1 46
1 47
1 47
1 48
1 48
1 49
1 52
1 52
1 53
1 55
1 56
1 63
1 64
1 64
1 64
1 64
1 67
1 69
1 7
1 7
1 70
1 70
1 8
1 8
1 9
2 1
2 10
2 11
2 11
2 15
2 16
2 22
2 22
2 23
2 23
2 25
2 26
2 28
2 29
2 3
2 30
2 31
2 33
2 35
2 36
2 43
2 45
2 47
2 48
2 5
2 50
2 56
2 61
2 62
2 63
2 65
2 66
2 68
2 68
2 69
2 8
3 13
3 14
3 16
3 19
3 19
3 19
3 2
3 21
3 24
3 25
3 27
3 31
3 33
3 38
3 4
3 4
3 4
3 45
3 45
3 46
3 46
3 47
3 47
3 49
3 50
3 57
3 59
3 6
3 60
3 65
3 66
3 69
3 70
3 9
4 10
4 11
4 21
4 21
4 22
4 27
4 28
4 32
4 32
4 33
4 35
4 37
4 44
4 46
4 47
4 48
4 5
4 5
4 51
4 56
4 59
4 61
4 65
5 10
5 10
5 10
5 13
5 15
5 15
5 18
5 18
5 18
5 21
5 24
5 29
5 37
5 44
5 44
5 59
5 59
5 62
5 63
5 63
5 64
5 66
5 68
5 70
6 14
6 16
6 16
6 2
6 27
6 3
6 33
6 33
6 34
6 37
6 37
6 39
6 4
6 4
6 40
6 57
6 57
6 61
6 61
6 61
6 64
6 65
6 8
7 11
7 12
7 15
7 19
7 20
7 24
7 27
7 27
7 28
7 30
7 31
7 32
7 35
7 35
7 36
7 36
7 37
7 4
7 40
7 48
7 55
7 57
7 58
7 62
7 62
7 64
7 64
7 69
7 69
7 9
8 1
8 1
8 14
8 16
8 16
8 17
8 19
8 24
8 27
8 31
8 32
8 36
8 36
8 36
8 37
8 37
8 39
8 40
8 41
8 45
8 46
8 46
8 5
8 5
8 51
8 55
8 57
8 63
8 65
8 65
8 68
8 70
8 70
9 1
9 10
9 17
9 18
9 19
9 20
9 22
9 24
9 31
9 32
9 35
9 35
9 4
9 40
9 40
9 45
9 45
9 47
9 48
9 52
9 6
9 61
9 62
9 63
9 64
9 7
10 11
10 18
10 28
10 28
10 29
10 30
10 31
10 40
10 42
10 42
10 43
10 43
10 5
10 5
10 51
10 52
10 53
10 57
10 58
10 60
10 64
10 65
10 7
10 7
11 1
11 1
11 13
11 16
11 17
11 22
11 23
11 23
11 23
11 26
11 29
11 3
11 30
11 30
11 31
11 34
11 35
11 36
11 37
11 39
11 4
11 40
11 40
11 5
11 5
11 51
11 60
11 68
11 70
12 10
12 11
12 16
12 18
12 19
12 19
12 2
12 2
12 2
12 21
12 22
12 23
12 26
12 31
12 34
12 37
12 44
12 47
12 48
12 48
12 5
12 51
12 52
12 55
12 6
12 61
12 61
12 62
12 64
12 68
12 68
12 7
13 14
13 17
13 17
13 2
13 20
13 21
13 21
13 23
13 25
13 3
13 3
13 30
13 35
13 38
13 39
13 59
13 65
13 65
13 69
13 7
13 70
13 70
13 9
13 9
14 15
14 25
14 26
14 26
14 26
14 28
14 30
14 38
14 4
14 40
14 45
14 46
14 51
14 54
14 54
14 54
14 58
14 59
14 62
14 62
14 62
14 68
14 68
14 69
14 7
14 70
14 9
15 1
15 1
15 16
15 16
15 16
15 17
15 19
15 2
15 30
15 31
15 31
15 32
15 32
15 39
15 41
15 43
15 44
15 44
15 44
15 44
15 47
15 47
15 50
15 50
15 55
15 57
15 61
15 61
15 63
15 68
15 69
16 1
16 1
16 1
16 1
16 1
16 13
16 13
16 14
16 2
16 20
16 21
16 22
16 28
16 3
16 33
16 36
16 39
16 4
16 43
16 46
16 49
16 57
16 57
16 58
16 69
16 69
16 70
16 70
17 11
17 14
17 18
17 19
17 19
17 21
17 22
17 22
17 24
17 24
17 26
17 28
17 28
17 30
17 31
17 32
17 36
17 40
17 46
17 50
17 54
17 56
17 58
17 66
17 66
17 67
17 69
17 9
18 10
18 10
18 12
18 22
18 22
18 25
18 31
18 32
18 33
18 33
18 42
18 42
18 44
18 45
18 52
18 52
18 55
18 63
18 63
18 66
18 66
18 67
18 67
18 8
19 1
19 1
19 12
19 15
19 16
19 22
19 22
19 24
19 28
19 28
19 28
19 35
19 37
19 37
19 38
19 38
19 42
19 44
19 45
19 46
19 48
19 55
19 64
19 65
19 67
19 68
19 7
19 70
19 8
20 12
20 13
20 14
20 14
20 15
20 18
20 19
20 25
20 27
20 28
20 28
20 3
20 34
20 41
20 47
20 49
20 51
20 53
20 54
20 56
20 57
20 64
20 64
20 7
20 9
21 1
21 1
21 10
21 10
21 19
21 19
21 20
21 22
21 25
21 25
21 27
21 28
21 28
21 29
21 29
21 31
21 32
21 33
21 34
21 35
21 35
21 37
21 40
21 41
21 42
21 43
21 50
21 55
21 56
21 57
21 57
21 58
21 62
21 66
21 66
21 68
22 1
22 10
22 13
22 13
22 13
22 2
22 20
22 23
22 25
22 27
22 30
22 34
22 38
22 41
22 42
22 43
22 45
22 45
22 47
22 48
22 5
22 5
22 50
22 52
22 55
22 55
22 70
23 1
23 18
23 19
23 33
23 34
23 37
23 43
23 45
23 46
23 46
23 5
23 53
23 56
23 59
23 63
23 68
23 69
23 7
23 9
24 1
24 10
24 11
24 11
24 15
24 16
24 16
24 18
24 18
24 25
24 25
24 30
24 32
24 32
24 36
24 36
24 4
24 44
24 45
24 47
24 48
24 5
24 51
24 52
24 57
24 58
24 6
24 60
24 66
24 69
24 7
24 70
25 10
25 17
25 18
25 31
25 35
25 35
25 39
25 40
25 41
25 47
25 49
25 5
25 5
25 53
25 58
25 60
25 63
25 64
25 66
25 70
25 8
26 1
26 10
26 10
26 14
26 15
26 16
26 18
26 20
26 22
26 23
26 25
26 3
26 34
26 36
26 4
26 49
26 51
26 53
26 53
26 54
26 55
26 59
26 69
26 8
27 1
27 11
27 14
27 20
27 28
27 28
27 28
27 28
27 29
27 30
27 31
27 32
27 34
27 37
27 37
27 40
27 40
27 44
27 44
27 46
27 5
27 50
27 54
27 60
27 64
27 66
27 7
28 1
28 1
28 11
28 12
28 13
28 14
28 16
28 21
28 21
28 24
28 36
28 39
28 42
28 42
28 48
28 50
28 50
28 53
28 56
28 56
28 56
28 58
28 65
28 69
28 8
29 11
29 17
29 24
29 24
29 26
29 27
29 37
29 40
29 42
29 44
29 45
29 5
29 53
29 60
29 64
29 65
29 67
29 69
29 69
29 9
30 1
30 23
30 26
30 27
30 27
30 3
30 32
30 32
30 41
30 45
30 46
30 46
30 48
30 49
30 51
30 54
30 57
30 59
30 6
30 6
30 61
30 62
30 62
30 65
30 8
31 1
31 10
31 11
31 15
31 15
31 18
31 19
31 19
31 20
31 21
31 26
31 3
31 34
31 4
31 4
31 5
31 5
31 51
31 52
31 56
31 56
31 58
31 59
31 59
31 62
31 67
31 69
31 7
31 7
32 1
32 1
32 12
32 15
32 18
32 19
32 2
32 20
32 22
32 27
32 34
32 35
32 36
32 37
32 4
32 52
32 55
32 55
32 56
32 6
32 68
32 68
32 68
32 7
33 1
33 13
33 2
33 25
33 27
33 3
33 3
33 30
33 31
33 31
33 4
33 4
33 44
33 45
33 45
33 48
33 49
33 51
33 54
33 54
33 57
33 63
33 63
33 66
33 68
33 68
33 69
33 69
33 9
34 1
34 10
34 12
34 13
34 15
34 23
34 24
34 28
34 28
34 29
34 3
34 30
34 31
34 39
34 45
34 49
34 51
34 56
34 57
34 58
34 59
34 6
34 60
34 62
34 63
34 63
34 64
34 66
34 69
34 70
34 70
35 1
35 10
35 13
35 14
35 14
35 14
35 23
35 26
35 29
35 32
35 32
35 34
35 38
35 43
35 45
35 46
35 47
35 48
35 49
35 5
35 55
35 57
35 57
35 63
35 67
35 68
36 1
36 12
36 13
36 20
36 21
36 23
36 27
36 27
36 27
36 31
36 37
36 39
36 39
36 4
36 45
36 48
36 49
36 49
36 49
36 50
36 54
36 54
36 57
36 58
36 59
36 62
36 65
36 65
36 66
36 67
36 70
37 1
37 12
37 14
37 20
37 29
37 38
37 38
37 40
37 41
37 42
37 45
37 47
37 47
37 54
37 58
37 59
37 6
37 6
37 60
37 61
37 62
37 64
37 64
37 69
37 69
38 1
38 1
38 1
38 11
38 13
38 14
38 17
38 22
38 27
38 28
38 28
38 29
38 3
38 3
38 31
38 39
38 46
38 47
38 52
38 52
38 55
38 56
38 57
38 57
38 57
38 61
38 62
38 62
38 64
38 67
38 9
39 11
39 12
39 15
39 20
39 22
39 22
39 23
39 23
39 24
39 24
39 26
39 29
39 38
39 40
39 40
39 40
39 58
39 59
39 62
39 67
39 69
39 70
40 11
40 20
40 25
40 27
40 38
40 41
40 44
40 5
40 50
40 50
40 53
40 56
40 6
40 62
40 65
40 68
40 69
40 70
40 70
41 1
41 1
41 16
41 16
41 16
41 17
41 17
41 19
41 26
41 27
41 32
41 33
41 33
41 4
41 4
41 4
41 43
41 44
41 48
41 50
41 54
41 56
41 6
41 63
41 65
41 67
41 70
42 10
42 12
42 14
42 19
42 20
42 22
42 25
42 26
42 35
42 35
42 36
42 38
42 39
42 39
42 43
42 44
42 44
42 44
42 47
42 51
42 55
42 55
42 56
42 57
42 62
42 63
42 65
42 65
42 66
43 21
43 25
43 26
43 30
43 30
43 32
43 35
43 37
43 40
43 44
43 49
43 51
43 51
43 52
43 54
43 54
43 54
43 59
43 59
43 60
43 61
43 61
43 62
43 62
43 64
43 65
43 7
44 1
44 15
44 21
44 25
44 26
44 27
44 28
44 28
44 3
44 30
44 31
44 32
44 34
44 41
44 48
44 51
44 51
44 52
44 54
44 56
44 59
44 65
44 66
44 67
44 68
44 69
44 8
44 8
44 9
45 1
45 11
45 18
45 22
45 30
45 33
45 34
45 43
45 46
45 46
45 46
45 5
45 54
45 57
45 57
45 6
45 60
45 65
45 67
45 69
45 7
45 7
46 10
46 10
46 10
46 13
46 13
46 14
46 16
46 22
46 22
46 27
46 28
46 29
46 29
46 30
46 32
46 33
46 36
46 36
46 38
46 38
46 39
46 39
46 47
46 5
46 50
46 51
46 51
46 58
46 6
46 60
46 65
46 67
46 68
46 69
46 69
46 70
46 70
46 9
47 13
47 15
47 16
47 18
47 2
47 21
47 25
47 28
47 29
47 30
47 34
47 35
47 37
47 38
47 40
47 41
47 42
47 42
47 44
47 45
47 48
47 48
47 48
47 48
47 49
47 52
47 53
47 61
47 61
47 63
47 64
47 66
47 66
48 1
48 11
48 13
48 14
48 21
48 22
48 22
48 26
48 27
48 27
48 29
48 31
48 32
48 32
48 33
48 33
48 34
48 38
48 38
48 39
48 4
48 44
48 49
48 5
48 5
48 53
48 54
48 57
48 59
48 6
48 64
48 66
48 7
48 70
48 9
49 1
49 12
49 14
49 16
49 18
49 19
49 20
49 20
49 24
49 26
49 26
49 27
49 27
49 31
49 32
49 4
49 40
49 40
49 43
49 46
49 48
49 50
49 53
49 57
49 59
49 62
49 63
49 63
49 69
49 69
50 10
50 12
50 12
50 16
50 17
50 17
50 19
50 24
50 25
50 25
50 27
50 29
50 36
50 38
50 4
50 46
50 48
50 51
50 51
50 51
50 55
50 56
50 58
50 59
50 59
50 61
50 62
50 65
50 66
50 8
50 9
50 9
51 1
51 11
51 12
51 12
51 12
51 13
51 13
51 15
51 16
51 17
51 17
51 18
51 25
51 30
51 38
51 39
51 39
51 41
51 43
51 49
51 52
51 53
51 54
51 57
51 58
51 62
51 66
51 67
51 7
51 9
52 1
52 1
52 16
52 18
52 2
52 21
52 24
52 24
52 26
52 27
52 31
52 33
52 34
52 38
52 39
52 42
52 44
52 44
52 45
52 45
52 57
52 58
52 59
52 60
52 62
52 8
52 9
52 9
53 10
53 10
53 11
53 13
53 21
53 23
53 23
53 24
53 24
53 25
53 26
53 28
53 38
53 39
53 39
53 43
53 47
53 51
53 63
53 64
53 68
53 8
53 9
54 1
54 14
54 14
54 15
54 19
54 22
54 28
54 29
54 30
54 31
54 32
54 33
54 34
54 34
54 36
54 36
54 38
54 39
54 45
54 52
54 55
54 55
54 55
54 55
54 56
54 56
54 57
54 59
54 60
54 60
54 62
54 64
54 67
54 70
54 9
55 15
55 15
55 18
55 18
55 18
55 19
55 24
55 24
55 28
55 29
55 3
55 30
55 32
55 33
55 35
55 36
55 37
55 41
55 46
55 46
55 47
55 49
55 5
55 53
55 56
55 59
55 59
55 6
55 66
55 67
55 67
55 68
55 9
55 9
55 9
56 11
56 13
56 13
56 14
56 18
56 18
56 20
56 28
56 29
56 32
56 32
56 33
56 35
56 46
56 47
56 66
56 68
56 7
57 1
57 10
57 13
57 14
57 15
57 16
57 18
57 19
57 23
57 28
57 29
57 31
57 37
57 39
57 40
57 48
57 48
57 48
57 50
57 53
57 54
57 58
57 60
57 61
57 63
57 65
57 66
57 7
57 7
57 70
58 10
58 21
58 21
58 21
58 26
58 28
58 30
58 31
58 33
58 34
58 39
58 41
58 41
58 44
58 44
58 44
58 5
58 51
58 51
58 54
58 60
58 61
58 63
58 66
58 7
59 13
59 16
59 17
59 2
59 20
59 23
59 24
59 26
59 27
59 28
59 30
59 30
59 38
59 38
59 40
59 41
59 42
59 52
59 55
59 58
59 60
59 61
59 61
59 63
59 63
59 67
59 67
59 67
59 9
60 1
60 1
60 2
60 20
60 21
60 27
60 28
60 31
60 31
60 32
60 32
60 33
60 33
60 39
60 4
60 40
60 41
60 43
60 46
60 46
60 47
60 5
60 51
60 54
60 59
60 6
60 61
60 68
60 69
60 7
60 8
60 8
61 1
61 11
61 14
61 16
61 19
61 19
61 23
61 26
61 28
61 31
61 32
61 34
61 38
61 41
61 49
61 50
61 50
61 54
61 55
61 55
61 55
61 58
61 64
61 67
61 67
61 67
61 9
61 9
62 10
62 10
62 12
62 14
62 16
62 16
62 24
62 24
62 26
62 26
62 32
62 34
62 35
62 36
62 37
62 44
62 45
62 49
62 5
62 52
62 53
62 55
62 59
62 59
62 61
62 61
62 63
62 65
62 67
62 68
62 7
62 70
63 18
63 18
63 20
63 22
63 26
63 29
63 3
63 39
63 4
63 43
63 43
63 48
63 48
63 49
63 52
63 55
63 55
63 6
63 6
63 64
63 64
63 69
63 69
63 7
63 70
63 70
63 70
64 11
64 12
64 12
64 14
64 15
64 15
64 17
64 28
64 28
64 32
64 35
64 4
64 44
64 44
64 48
64 48
64 54
64 58
64 59
64 60
64 62
64 63
64 65
64 65
65 10
65 12
65 15
65 17
65 24
65 27
65 27
65 29
65 3
65 32
65 35
65 36
65 38
65 41
65 41
65 43
65 45
65 46
65 48
65 49
65 5
65 51
65 52
65 53
65 54
65 55
65 58
65 58
65 61
65 66
65 7
65 7
65 8
66 10
66 11
66 15
66 18
66 21
66 22
66 23
66 26
66 26
66 3
66 31
66 34
66 36
66 42
66 43
66 43
66 44
66 45
66 47
66 5
66 53
66 55
66 58
66 6
66 61
66 62
66 68
66 9
67 1
67 10
67 10
67 15
67 18
67 22
67 24
67 25
67 27
67 30
67 31
67 32
67 41
67 43
67 44
67 51
67 51
67 52
67 53
67 57
67 58
67 61
67 62
67 62
67 62
67 62
67 64
67 68
67 68
68 1
68 11
68 21
68 22
68 24
68 25
68 26
68 28
68 3
68 30
68 35
68 35
68 38
68 4
68 48
68 50
68 51
68 52
68 53
68 55
68 55
68 67
68 69
68 7
68 8
68 8
69 10
69 10
69 11
69 15
69 16
69 18
69 19
69 19
69 19
69 21
69 22
69 26
69 26
69 27
69 29
69 30
69 31
69 31
69 32
69 35
69 4
69 4
69 40
69 45
69 45
69 52
69 54
69 56
69 58
69 6
69 62
69 63
70 1
70 1
70 11
70 13
70 17
70 21
70 32
70 34
70 34
70 36
70 36
70 37
70 38
70 39
70 42
70 44
70 45
70 46
70 46
70 48
70 49
70 50
70 55
70 58
70 60
70 64
70 64
70 64
70 66
70 9
16
